31
10000 葛大伟 男 硕士 办公室主任 办公室 800
10001 王博 男 大专 办公室副主任 办公室 801
10002 陈怡 女 本科 经理助理 办公室 802
10003 李巧巧 女 硕士 研发部主任 研发部 803
10004 陈屹立 男 本科 工程师 研发部 804
10005 赵明 男 本科 工程师 研发部 804
10006 汪洋 男 硕士 工程师 研发部 804
10007 李凡 女 本科 工程师 研发部 804
10008 陈晓 女 本科 工程师 研发部 804
10009 吴丽 女 本科 工程师 研发部 805
10010 张军 男 本科 工程师 研发部 805
10011 朱大成 男 本科 工程师 研发部 805
10012 侍伟业 男 本科 工程师 研发部 805
10013 宋光明 男 本科 工程师 研发部 805
10014 方静思 女 大专 助理工程师 研发部 805
10015 张正东 男 本科 市场部经理	市场部 806
10016 何鸿 男 本科 市场调研 市场部 806
10017 宋辉 男 本科 市场调研 市场部 806
10018 刘佳卫 男	本科 市场调研 市场部 807
10019 钱海涛 男	本科 市场调研 市场部 807
10020 陆杰仁 男	硕士 市场调研 市场部 807
10021 孙国成 男	大专 市场调研 微机室 808
10022 彭小成 男	本科 工程师 微机室 808
10023 李强 男 本科 工程师 微机室 808
10024 王胜 男 本科 工程师 微机室 808
10025 刘功 男 本科 工程师 微机室 808
10026 蔡明辉 男	本科 工程师 微机室 808
10027 杜娟 女 本科 工程师 微机室 809
10028 赵自立 男	本科 工程师 微机室 809
10029 刘小燕 女	本科 工程师 微机室 809
10030 吴振兴 男	本科 工程师 微机室 809
189
10000 10009 67
10000 10026 65
10000 10029 56
10000 10019 56
10000 10030 85
10001 10014 43
10001 10009 76
10001 10020 31
10001 10015 52
10001 10025 67
10001 10006 77
10001 10002 58
10001 10000 19
10002 10017 86
10002 10022 84
10002 10024 98
10002 10027 37
10002 10003 93
10002 10006 33
10002 10020 25
10003 10027 65
10003 10015 15
10003 10009 74
10004 10005 61
10004 10016 45
10004 10014 99
10004 10021 36
10004 10018 17
10004 10024 91
10004 10011 68
10004 10020 41
10004 10028 70
10004 10012 74
10004 10001 57
10005 10002 83
10005 10026 25
10005 10021 54
10005 10029 99
10005 10016 81
10005 10015 56
10005 10019 37
10005 10010 63
10006 10010 84
10006 10016 15
10006 10030 30
10006 10025 15
10006 10000 5
10006 10027 31
10006 10018 25
10006 10011 44
10007 10013 19
10007 10025 74
10007 10006 63
10007 10009 62
10007 10027 85
10008 10001 98
10008 10027 82
10008 10006 31
10008 10023 95
10008 10025 79
10008 10010 93
10008 10017 74
10008 10005 14
10008 10004 35
10008 10014 58
10009 10019 36
10009 10029 15
10009 10021 76
10009 10030 20
10009 10026 55
10009 10012 28
10009 10025 77
10010 10020 94
10010 10022 81
10011 10017 3
10011 10025 37
10011 10029 45
10011 10013 54
10011 10014 45
10011 10009 85
10011 10002 90
10012 10002 55
10012 10003 12
10012 10008 12
10012 10001 36
10012 10014 85
10012 10013 79
10012 10027 67
10012 10005 4
10012 10016 48
10012 10019 48
10012 10025 80
10013 10024 90
10013 10030 8
10013 10014 93
10013 10018 87
10013 10016 89
10013 10028 85
10014 10017 46
10014 10007 39
10014 10020 35
10014 10025 63
10015 10010 35
10015 10008 39
10015 10017 16
10015 10021 53
10015 10019 47
10015 10024 50
10015 10009 87
10016 10028 37
10016 10010 48
10016 10019 3
10016 10003 5
10016 10022 20
10016 10014 17
10017 10004 6
10017 10029 40
10017 10021 16
10017 10016 94
10017 10027 5
10017 10006 35
10017 10000 8
10017 10005 99
10017 10030 66
10018 10019 5
10018 10009 64
10018 10000 64
10018 10011 82
10018 10017 51
10018 10010 38
10018 10007 27
10019 10002 18
10019 10023 28
10019 10030 24
10020 10009 33
10020 10007 6
10020 10025 8
10021 10010 46
10021 10030 92
10021 10028 23
10021 10007 39
10021 10014 54
10021 10024 53
10021 10019 55
10021 10027 86
10022 10004 68
10022 10005 4
10022 10018 93
10022 10011 29
10022 10009 2
10023 10017 31
10023 10006 99
10023 10030 27
10023 10022 99
10023 10007 50
10024 10017 46
10024 10018 19
10024 10006 18
10024 10016 34
10024 10010 59
10025 10005 56
10025 10022 81
10025 10029 15
10025 10002 92
10025 10023 99
10025 10018 71
10026 10013 58
10026 10012 42
10026 10024 77
10026 10029 64
10027 10016 30
10027 10000 87
10027 10013 89
10027 10010 23
10028 10022 31
10028 10019 15
10028 10026 32
10028 10010 82
10028 10012 73
10029 10013 62
10029 10027 1
10029 10003 36
10029 10008 21
10029 10010 85
10029 10019 39
10029 10014 50
10029 10007 75
10030 10027 36
10030 10005 7